Webots Project File version R2019a
perspectives: 000000ff00000000fd00000003000000000000000000000000fc0100000001fb0000001a0044006f00630075006d0065006e0074006100740069006f006e0000000000ffffffff0000005400ffffff00000001000001c600000261fc0200000001fb0000001400540065007800740045006400690074006f0072010000001400000261000000a200ffffff00000003000006d100000111fc0100000001fb0000000e0043006f006e0073006f006c00650100000000000006d10000005400ffffff000005050000026100000001000000020000000100000008fc00000000
simulationViewPerspectives: 000000ff0000000100000002000001a00000035f0100000006010000000100
sceneTreePerspectives: 000000ff0000000100000002000000bb000000fc0100000006010000000200
minimizedPerspectives: 000000ff00000000fd00000003000000000000000000000000fc0100000001fb0000001a0044006f00630075006d0065006e0074006100740069006f006e0000000000ffffffff0000005400ffffff00000001000002cf000002e5fc0200000001fb0000001400540065007800740045006400690074006f00720100000014000002e5000000a200ffffff00000003000006d10000008dfc0100000001fb0000000e0043006f006e0073006f006c00650100000000000006d10000005400ffffff000003fc000002e500000001000000020000000100000008fc00000000
maximizedDockId: -1
centralWidgetVisible: 1
renderingMode: PLAIN
selectionDisabled: 0
viewpointLocked: 0
orthographicViewHeight: 1
textFiles: 0 "controllers/autonomous_vehicle/autonomous_vehicle.c"
renderingDevicePerspectives: vehicle:display;1;0.29;0.871379;0.855384
renderingDevicePerspectives: vehicle:camera;1;0.5;0;0
