Webots Project File version R2019a
perspectives: 000000ff00000000fd00000003000000000000000000000000fc0100000001fb0000001a0044006f00630075006d0065006e0074006100740069006f006e0000000000ffffffff0000005400ffffff00000001000003dd000002befc0200000001fb0000001400540065007800740045006400690074006f00720100000014000002be000000a200ffffff00000003000006d1000000b4fc0100000001fb0000000e0043006f006e0073006f006c00650100000000000006d10000005400ffffff000002ee000002be00000001000000020000000100000008fc00000000
simulationViewPerspectives: 000000ff000000010000000200000150000003700100000006010000000100
sceneTreePerspectives: 000000ff00000001000000020000026a000000000100000006010000000200
maximizedDockId: -1
centralWidgetVisible: 1
selectionDisabled: 0
viewpointLocked: 0
orthographicViewHeight: 1
textFiles: 0 "controllers/autonomous_vehicle/autonomous_vehicle.c" "controllers/autonomous_vehicle/robc_lane_detection.c" "controllers/autonomous_vehicle/robc_lane_detection.h"
renderingDevicePerspectives: vehicle:display;1;0.213333;0;0.732394
renderingDevicePerspectives: vehicle:camera;1;0.5;0;0
