Webots Project File version R2019a
perspectives: 000000ff00000000fd00000003000000000000000000000000fc0100000001fb0000001a0044006f00630075006d0065006e0074006100740069006f006e0000000000ffffffff0000005400ffffff000000010000019e00000282fc0200000001fb0000001400540065007800740045006400690074006f0072010000001400000282000000a200ffffff00000003000006d1000000f0fc0100000001fb0000000e0043006f006e0073006f006c00650100000000000006d10000005400ffffff0000052d0000028200000001000000020000000100000008fc00000000
simulationViewPerspectives: 000000ff00000001000000020000018d000001d20100000006010000000100
sceneTreePerspectives: 000000ff0000000100000002000000c0000000fc0100000006010000000200
maximizedDockId: -1
centralWidgetVisible: 1
selectionDisabled: 0
viewpointLocked: 0
orthographicViewHeight: 1
textFiles: 0 "controllers/autonomous_vehicle/autonomous_vehicle.c"
renderingDevicePerspectives: vehicle:camera;1;0.5;0;0
renderingDevicePerspectives: vehicle:display;1;0.213333;0;0.732394
