Webots Project File version R2019a
perspectives: 000000ff00000000fd00000003000000000000000000000000fc0100000002fc00000000ffffffff0000000000fffffffc0200000001fb00000012005300630065006e0065005400720065006501000000000000039f0000000000000000fb0000001a0044006f00630075006d0065006e0074006100740069006f006e0000000000ffffffff0000005400ffffff00000001000002ce000002d8fc0200000001fb0000001400540065007800740045006400690074006f00720100000014000002d8000000a200ffffff00000003000006d1000000b2fc0100000001fb0000000e0043006f006e0073006f006c00650100000000000006d10000005400ffffff000003fd000002d800000004000000040000000100000008fc00000000
simulationViewPerspectives: 000000ff000000010000000200000119000002c90100000006010000000101
sceneTreePerspectives: 000000ff000000010000000200000258000000000100000006010000000201
minimizedPerspectives: 000000ff00000000fd00000003000000000000016c00000469fc0200000001fb00000012005300630065006e006500540072006500650100000019000004690000018500ffffff000000010000022e0000036bfc0200000001fb0000001400540065007800740045006400690074006f007201000000190000036b000000ab00ffffff00000003000005cd000000f8fc0100000001fb0000000e0043006f006e0073006f006c00650100000172000005cd0000004e00ffffff000003990000036b00000004000000040000000100000008fc00000000
maximizedDockId: -1
centralWidgetVisible: 1
selectionDisabled: 0
viewpointLocked: 0
orthographicViewHeight: 1
textFiles: 0 "controllers/autonomous_vehicle/autonomous_vehicle.c"
renderingDevicePerspectives: vehicle:camera;1;2;0;0
renderingDevicePerspectives: vehicle:display;1;1;0.677316;0.749175
